K = 0.05;
R = 0.5;
J = 0.00025;
a = 0.001;
